990 30
990 60
990 90
990 120
990 150
990 180
990 210
990 240
990 270
990 300
990 330
990 360
990 390
990 420
990 450
990 480
990 510
990 540
990 570
990 600
990 630
990 660
990 690
990 720
990 750
990 780
990 810
990 840
990 870
990 900
990 930
990 960
990 990
990 1020
990 1050
990 1080
990 1110
990 1140
990 1170
990 1200
990 1230
990 1260
990 1290
990 1320
990 1350
990 1380
990 1410
990 1440
990 1470
990 1500
990 1530
990 1560
990 1590
990 1620
990 1650
990 1680
990 1710
990 1740
990 1770
990 1800
990 1830
990 1860
